# cov matrix
1.458193638258650796e-09 -5.912019387661001410e-05 3.069169062698074566e-06 7.996531754795223947e-10 1.157044545600957563e-13 -3.382791778658092153e-06
-5.912019387661001410e-05 4.022323941119010371e+00 -1.077539999356481315e-01 -1.083070292427657129e-02 -8.188083548121804955e-09 1.094776069363384147e-01
3.069169062698074566e-06 -1.077539999356481315e-01 6.891235441304818972e-03 2.505845147776080578e-06 1.266582644238535350e-10 -7.383915315326140642e-03
7.996531754795223947e-10 -1.083070292427657129e-02 2.505845147776080578e-06 2.521470228135203702e-04 3.779072823207437399e-11 2.982251286482558378e-04
1.157044545600957563e-13 -8.188083548121804955e-09 1.266582644238535350e-10 3.779072823207437399e-11 1.457802455631131337e-13 8.998563106707559353e-08
-3.382791778658092153e-06 1.094776069363384147e-01 -7.383915315326140642e-03 2.982251286482558378e-04 8.998563106707559353e-08 5.154557876567827712e+00
