# cov matrix
5.530454856114957013e-11 -2.517516249997562142e-06 4.188181038239814899e-08 5.460483388960261425e-09 8.996155769398837150e-14 -6.431762630116029909e-07
-2.517516249997562142e-06 5.618644877179530539e-01 -7.597424825420370266e-04 -7.474223850293677807e-03 1.892686135056716398e-08 9.699555502183422606e-02
4.188181038239814899e-08 -7.597424825420370266e-04 5.259843891005040793e-05 1.527163150589834268e-06 5.675045478640554061e-11 5.723436508279335707e-05
5.460483388960261425e-09 -7.474223850293677807e-03 1.527163150589834268e-06 1.805629926442862097e-04 -3.014751619352274294e-10 -7.242205166032222516e-04
8.996155769398837150e-14 1.892686135056716398e-08 5.675045478640554061e-11 -3.014751619352274294e-10 3.499093068238941869e-13 5.259255867155495855e-07
-6.431762630116029909e-07 9.699555502183422606e-02 5.723436508279335707e-05 -7.242205166032222516e-04 5.259255867155495855e-07 1.739264088325241708e+00
