# cov matrix
3.873102591593899030e-10 1.941167551669914885e-07 -4.116970933240908103e-08 -1.720881212924661549e-06 -9.871518025259711556e-04 -1.037923077604759698e-03 -3.635671226273126279e-13 2.010780489785544904e-07
1.941167551669914885e-07 6.695267293367836159e-02 -6.523788567783332659e-02 8.620692926951471421e-03 3.721153163434569677e+01 -3.684923901298266458e+01 -7.605596975562331387e-10 6.238873609481138983e-04
-4.116970933240908103e-08 -6.523788567783332659e-02 6.588050509916702768e-02 -1.926359243154228754e-02 -3.616711215373305777e+01 3.719346826800715888e+01 1.496129902811352243e-09 1.245033328636656724e-03
-1.720881212924661549e-06 8.620692926951471421e-03 -1.926359243154228754e-02 1.714414735650518828e+00 -6.911962918179351156e+00 -2.366270943356868983e+01 7.814794939774407313e-08 9.897418841637189990e-02
-9.871518025259711556e-04 3.721153163434569677e+01 -3.616711215373305777e+01 -6.911962918179351156e+00 2.490963417359337109e+04 -1.796543980693795675e+04 -3.663384445450819048e-07 -1.127426731892619438e+00
-1.037923077604759698e-03 -3.684923901298266458e+01 3.719346826800715888e+01 -2.366270943356868983e+01 -1.796543980693795675e+04 2.474406583990291256e+04 1.072477387998606876e-06 -4.889557473726246495e-01
-3.635671226273126279e-13 -7.605596975562331387e-10 1.496129902811352243e-09 7.814794939774407313e-08 -3.663384445450819048e-07 1.072477387998606876e-06 7.222977268307048441e-13 7.541240376663460615e-07
2.010780489785544904e-07 6.238873609481138983e-04 1.245033328636656724e-03 9.897418841637189990e-02 -1.127426731892619438e+00 -4.889557473726246495e-01 7.541240376663460615e-07 1.421285933910148236e+00
