# cov matrix
2.694658843027023695e-09 4.967778149080176262e-06 1.159908936970785407e-07 -4.326108344399524853e-05 -4.484852437025077694e-03 -3.718834205679626831e-03
4.967778149080176262e-06 1.549807114090832882e-02 4.531925512862781231e-04 -1.383993395958695583e-01 -6.032144540027396529e-01 -8.586580564435514873e+00
1.159908936970785407e-07 4.531925512862781231e-04 3.597837633714836138e-04 1.031589893243058456e-02 -1.293375503879372855e-02 -1.313650156894825283e-01
-4.326108344399524853e-05 -1.383993395958695583e-01 1.031589893243058456e-02 2.178434315930537490e+00 6.576171613851971465e+00 8.568215810181507663e+01
-4.484852437025077694e-03 -6.032144540027396529e-01 -1.293375503879372855e-02 6.576171613851971465e+00 2.257728533247124869e+04 6.294832593607454328e+03
-3.718834205679626831e-03 -8.586580564435514873e+00 -1.313650156894825283e-01 8.568215810181507663e+01 6.294832593607454328e+03 6.593639390746630852e+03
