Energy range: (20, 1000)
Data path: ./main_files/crab_19/data_2_2017_comb
Fit path: ./main_files/crab_19/fit_2_2017_combined/crab_beuermann_fit_20_1000
Result: [ 5.32123533e-05 -1.49896756e+00 -2.16806976e+00  3.14533775e+00
  9.25629609e+02  2.38800587e+02]
Covariance: [[ 2.69465884e-09  4.96777815e-06  1.15990894e-07 -4.32610834e-05
  -4.48485244e-03 -3.71883421e-03]
 [ 4.96777815e-06  1.54980711e-02  4.53192551e-04 -1.38399340e-01
  -6.03214454e-01 -8.58658056e+00]
 [ 1.15990894e-07  4.53192551e-04  3.59783763e-04  1.03158989e-02
  -1.29337550e-02 -1.31365016e-01]
 [-4.32610834e-05 -1.38399340e-01  1.03158989e-02  2.17843432e+00
   6.57617161e+00  8.56821581e+01]
 [-4.48485244e-03 -6.03214454e-01 -1.29337550e-02  6.57617161e+00
   2.25772853e+04  6.29483259e+03]
 [-3.71883421e-03 -8.58658056e+00 -1.31365016e-01  8.56821581e+01
   6.29483259e+03  6.59363939e+03]]
compleated at 2024-08-13 13:38:11.532067