# cov matrix
9.812743119958254998e-11 -1.319955693419737187e-06 4.471097425152363529e-08 4.392078995974478490e-09 2.975938557139978575e-14 3.796856029475507853e-07
-1.319955693419737187e-06 5.710513784044311120e-02 -3.112930325985660746e-04 -6.500277883585663238e-04 3.356960699451546758e-10 8.003770597244243973e-03
4.471097425152363529e-08 -3.112930325985660746e-04 2.500297900096481478e-05 7.404318282949279591e-07 2.686170740652794295e-11 3.527800956509429160e-04
4.392078995974478490e-09 -6.500277883585663238e-04 7.404318282949279591e-07 2.173194844181997374e-05 7.371086019057192354e-12 -2.138502151371265319e-04
2.975938557139978575e-14 3.356960699451546758e-10 2.686170740652794295e-11 7.371086019057192354e-12 8.904606895322397274e-14 1.381933896353075399e-07
3.796856029475507853e-07 8.003770597244243973e-03 3.527800956509429160e-04 -2.138502151371265319e-04 1.381933896353075399e-07 5.102935147604719113e+00
