Energy range: (25, 400)
Data path: main_files/crab_19/data_2003_center
Fit path: main_files/crab_19/fit_low_e_break_2003/crab_fit_25_400
Result: [ 1.44692631e-03  3.49071555e+01 -1.40009864e+00 -2.10960883e+00
  1.84212751e-08 -2.39182686e+00]
Covariance: [[ 9.81274312e-11 -1.31995569e-06  4.47109743e-08  4.39207900e-09
   2.97593856e-14  3.79685603e-07]
 [-1.31995569e-06  5.71051378e-02 -3.11293033e-04 -6.50027788e-04
   3.35696070e-10  8.00377060e-03]
 [ 4.47109743e-08 -3.11293033e-04  2.50029790e-05  7.40431828e-07
   2.68617074e-11  3.52780096e-04]
 [ 4.39207900e-09 -6.50027788e-04  7.40431828e-07  2.17319484e-05
   7.37108602e-12 -2.13850215e-04]
 [ 2.97593856e-14  3.35696070e-10  2.68617074e-11  7.37108602e-12
   8.90460690e-14  1.38193390e-07]
 [ 3.79685603e-07  8.00377060e-03  3.52780096e-04 -2.13850215e-04
   1.38193390e-07  5.10293515e+00]]
compleated at 2024-08-30 12:10:10.751166