# cov matrix
8.516337273904150803e-11 5.917176571707338022e-08 3.651526320195662387e-08 -2.185396243442071470e-07 -3.631658990207512730e-04 -1.709342772812092240e-04 -1.802511925717824913e-14 -2.551706146808432087e-06
5.917176571707338022e-08 4.044310710538550485e-03 -5.333199860121444990e-05 -7.507673950935749019e-02 4.703737483519401685e+00 -1.049358186734236503e-01 -1.266759518214870163e-10 3.187185673639061131e-03
3.651526320195662387e-08 -5.333199860121444990e-05 2.870267946760468765e-04 1.263238636055184425e-02 -2.974582515474048505e-01 -5.156622805606921045e-02 -1.221086628040244332e-11 -1.149613899356020496e-03
-2.185396243442071470e-07 -7.507673950935749019e-02 1.263238636055184425e-02 2.128986696820370117e+00 -9.278747842097784826e+01 8.472224689530001296e-01 2.172040401210400157e-09 -5.628178954052726751e-02
-3.631658990207512730e-04 4.703737483519401685e+00 -2.974582515474048505e-01 -9.278747842097784826e+01 7.868539510672550932e+03 7.555273433584320628e+02 -1.012602716359268714e-07 1.960741315825336528e+01
-1.709342772812092240e-04 -1.049358186734236503e-01 -5.156622805606921045e-02 8.472224689530001296e-01 7.555273433584320628e+02 3.508273542104279272e+02 3.941372846895244331e-08 5.359054800835538757e+00
-1.802511925717824913e-14 -1.266759518214870163e-10 -1.221086628040244332e-11 2.172040401210400157e-09 -1.012602716359268714e-07 3.941372846895244331e-08 1.031988609061129666e-14 2.405258735113219224e-08
-2.551706146808432087e-06 3.187185673639061131e-03 -1.149613899356020496e-03 -5.628178954052726751e-02 1.960741315825336528e+01 5.359054800835538757e+00 2.405258735113219224e-08 4.347604549161087739e+00
