# cov matrix
3.015517561196846731e-10 1.531118806235304136e-06 -7.958777516333450352e-08 -2.331230600497491263e-05 -6.248403176340346218e-04 -1.501178904036336824e-03
1.531118806235304136e-06 1.103414948410781811e-02 -7.538226183180930361e-04 -1.807753321691057680e-01 2.702991771243091534e+00 -7.937256493380611566e+00
-7.958777516333450352e-08 -7.538226183180930361e-04 8.677883625797424682e-04 3.614001988942477234e-02 -5.153958798602783498e-01 6.176484616713124876e-01
-2.331230600497491263e-05 -1.807753321691057680e-01 3.614001988942477234e-02 4.322713194884188148e+00 -4.570417623583940525e+01 1.383742862164561700e+02
-6.248403176340346218e-04 2.702991771243091534e+00 -5.153958798602783498e-01 -4.570417623583940525e+01 1.481076702867971471e+04 4.089822755784924084e+03
-1.501178904036336824e-03 -7.937256493380611566e+00 6.176484616713124876e-01 1.383742862164561700e+02 4.089822755784924084e+03 8.452361912553500588e+03
