Energy range: (20, 1000)
Data path: ./main_files/crab_19/data_2_2003_comb
Fit path: ./main_files/crab_19/fit_2_2003_combined/crab_beuermann_fit_20_1000
Result: [ 1.85126078e-05 -1.84909049e+00 -2.21762641e+00  2.16276003e+00
  9.15848581e+02  4.64499563e+02]
Covariance: [[ 3.01551756e-10  1.53111881e-06 -7.95877752e-08 -2.33123060e-05
  -6.24840318e-04 -1.50117890e-03]
 [ 1.53111881e-06  1.10341495e-02 -7.53822618e-04 -1.80775332e-01
   2.70299177e+00 -7.93725649e+00]
 [-7.95877752e-08 -7.53822618e-04  8.67788363e-04  3.61400199e-02
  -5.15395880e-01  6.17648462e-01]
 [-2.33123060e-05 -1.80775332e-01  3.61400199e-02  4.32271319e+00
  -4.57041762e+01  1.38374286e+02]
 [-6.24840318e-04  2.70299177e+00 -5.15395880e-01 -4.57041762e+01
   1.48107670e+04  4.08982276e+03]
 [-1.50117890e-03 -7.93725649e+00  6.17648462e-01  1.38374286e+02
   4.08982276e+03  8.45236191e+03]]
compleated at 2024-08-13 11:56:26.547891