# cov matrix
1.456597542271642086e-10 -1.630876240610656673e-06 7.208240473895391845e-08 4.792402161184145257e-09 -1.884503269702130024e-14 -3.742722352000822417e-07
-1.630876240610656673e-06 7.677381968323952754e-02 -3.450319148022864776e-04 -8.930196090632875391e-04 1.836737365547263929e-08 4.311962116664373040e-02
7.208240473895391845e-08 -3.450319148022864776e-04 4.335730624103181964e-05 1.254513720428806005e-06 2.489715957618382012e-11 6.423344610451969133e-05
4.792402161184145257e-09 -8.930196090632875391e-04 1.254513720428806005e-06 3.516673256755902481e-05 -1.433027423677860120e-10 -3.014119963117925798e-04
-1.884503269702130024e-14 1.836737365547263929e-08 2.489715957618382012e-11 -1.433027423677860120e-10 7.740456345641720487e-13 9.809156887377190575e-07
-3.742722352000822417e-07 4.311962116664373040e-02 6.423344610451969133e-05 -3.014119963117925798e-04 9.809156887377190575e-07 2.561479828939869030e+00
