Energy range: (25, 400)
Data path: main_files/crab_19/data_2017_center
Fit path: main_files/crab_19/fit_low_e_break_2017/crab_fit_25_400
Result: [ 1.40013844e-03  3.46621620e+01 -1.40013564e+00 -2.10379551e+00
  2.62180489e-08 -5.29655195e+00]
Covariance: [[ 1.45659754e-10 -1.63087624e-06  7.20824047e-08  4.79240216e-09
  -1.88450327e-14 -3.74272235e-07]
 [-1.63087624e-06  7.67738197e-02 -3.45031915e-04 -8.93019609e-04
   1.83673737e-08  4.31196212e-02]
 [ 7.20824047e-08 -3.45031915e-04  4.33573062e-05  1.25451372e-06
   2.48971596e-11  6.42334461e-05]
 [ 4.79240216e-09 -8.93019609e-04  1.25451372e-06  3.51667326e-05
  -1.43302742e-10 -3.01411996e-04]
 [-1.88450327e-14  1.83673737e-08  2.48971596e-11 -1.43302742e-10
   7.74045635e-13  9.80915689e-07]
 [-3.74272235e-07  4.31196212e-02  6.42334461e-05 -3.01411996e-04
   9.80915689e-07  2.56147983e+00]]
compleated at 2024-08-30 16:44:55.248706