# cov matrix
1.459901270372807937e-06 -7.805246030602754331e-04 3.250980804619660932e-04 4.740576073826185671e-06 -8.235381469903000950e-13 -1.287928139206289974e-04
-7.805246030602754331e-04 4.657063640730182419e-01 -1.800776730191295250e-01 -3.047930359889005660e-03 -4.357333401956227694e-09 7.498623854849197079e-02
3.250980804619660932e-04 -1.800776730191295250e-01 7.382984375925576159e-02 1.089439368324737019e-03 3.789675332212971045e-10 -3.026568513787231823e-02
4.740576073826185671e-06 -3.047930359889005660e-03 1.089439368324737019e-03 3.955410486159427599e-05 4.399571155277995798e-11 -3.478567815549795999e-04
-8.235381469903000950e-13 -4.357333401956227694e-09 3.789675332212971045e-10 4.399571155277995798e-11 1.308696107862962957e-13 1.656163847038407657e-07
-1.287928139206289974e-04 7.498623854849197079e-02 -3.026568513787231823e-02 -3.478567815549795999e-04 1.656163847038407657e-07 5.327983768237659845e+00
