Energy range: (30, 400)
Data path: main_files/crab_19/data_2003_center
Fit path: main_files/crab_19/fit_low_e_break_2003_no_bound/crab_fit_30_400
Result: [ 2.56315199e-03  3.56349187e+01 -7.43802309e-01 -2.10672083e+00
  2.26126402e-08 -2.46759000e-02]
Covariance: [[ 1.45990127e-06 -7.80524603e-04  3.25098080e-04  4.74057607e-06
  -8.23538147e-13 -1.28792814e-04]
 [-7.80524603e-04  4.65706364e-01 -1.80077673e-01 -3.04793036e-03
  -4.35733340e-09  7.49862385e-02]
 [ 3.25098080e-04 -1.80077673e-01  7.38298438e-02  1.08943937e-03
   3.78967533e-10 -3.02656851e-02]
 [ 4.74057607e-06 -3.04793036e-03  1.08943937e-03  3.95541049e-05
   4.39957116e-11 -3.47856782e-04]
 [-8.23538147e-13 -4.35733340e-09  3.78967533e-10  4.39957116e-11
   1.30869611e-13  1.65616385e-07]
 [-1.28792814e-04  7.49862385e-02 -3.02656851e-02 -3.47856782e-04
   1.65616385e-07  5.32798377e+00]]
compleated at 2024-09-17 18:10:28.197613