# cov matrix
1.347462501192809889e-10 8.505556155513386583e-08 -1.527310092692342502e-04 8.745407360833275612e-10 -1.081314199521666228e-14 -9.682590141878888610e-08
8.505556155513386583e-08 5.802104524863949001e-05 -8.992698677629315518e-02 -1.045917120767862163e-05 8.544171711623454428e-12 5.772893062200896584e-05
-1.527310092692342502e-04 -8.992698677629315518e-02 1.954452308765560815e+02 -3.988275851985765424e-02 3.417468207128411356e-08 5.231125816988997368e-01
8.745407360833275612e-10 -1.045917120767862163e-05 -3.988275851985765424e-02 2.779019650466961954e-04 -7.528348134377854742e-11 -5.196932874923877515e-04
-1.081314199521666228e-14 8.544171711623454428e-12 3.417468207128411356e-08 -7.528348134377854742e-11 2.299391426973858625e-14 6.200057865080625556e-08
-9.682590141878888610e-08 5.772893062200896584e-05 5.231125816988997368e-01 -5.196932874923877515e-04 6.200057865080625556e-08 5.146608418092401216e+00
