Energy range: (20, 1000)
Data path: ./main_files/crab_19/data_2_2003_comb
Fit path: ./main_files/crab_19/fit_2_2003_combined/crab_band_fit_20_1000_fit_E_c
Result: [ 9.58103562e-04 -1.87991123e+00  3.01989361e+02 -2.20238334e+00
  1.48798576e-08 -1.73795825e+00]
Covariance: [[ 1.34746250e-10  8.50555616e-08 -1.52731009e-04  8.74540736e-10
  -1.08131420e-14 -9.68259014e-08]
 [ 8.50555616e-08  5.80210452e-05 -8.99269868e-02 -1.04591712e-05
   8.54417171e-12  5.77289306e-05]
 [-1.52731009e-04 -8.99269868e-02  1.95445231e+02 -3.98827585e-02
   3.41746821e-08  5.23112582e-01]
 [ 8.74540736e-10 -1.04591712e-05 -3.98827585e-02  2.77901965e-04
  -7.52834813e-11 -5.19693287e-04]
 [-1.08131420e-14  8.54417171e-12  3.41746821e-08 -7.52834813e-11
   2.29939143e-14  6.20005787e-08]
 [-9.68259014e-08  5.77289306e-05  5.23112582e-01 -5.19693287e-04
   6.20005787e-08  5.14660842e+00]]
compleated at 2024-08-08 22:18:41.822040