# cov matrix
1.469543227128699591e-10 -1.874250451615887584e-05 1.633279567540869013e-07 2.194358913327948199e-08 1.246803318859117155e-12 2.371857205247988573e-06
-1.874250451615887584e-05 4.962401468685795791e+00 -1.966695006828333633e-02 -1.395648228767088633e-02 -9.647704866965798767e-08 -1.759547228194013602e-01
1.633279567540869013e-07 -1.966695006828333633e-02 1.860278000722676733e-04 2.250389173189850839e-05 1.309498626300885911e-09 2.522324234973526581e-03
2.194358913327948199e-08 -1.395648228767088633e-02 2.250389173189850839e-05 8.973031523655472465e-05 2.148483702947512735e-11 -7.171674940508508211e-05
1.246803318859117155e-12 -9.647704866965798767e-08 1.309498626300885911e-09 2.148483702947512735e-11 6.884811363508646391e-13 8.279499939166042367e-07
2.371857205247988573e-06 -1.759547228194013602e-01 2.522324234973526581e-03 -7.171674940508508211e-05 8.279499939166042367e-07 1.864393937040172089e+00
