Energy range: (20, 400)
Data path: main_files/crab_19/data_2017_center
Fit path: main_files/crab_19/fit_low_e_break_2017_no_bound/crab_fit_20_400
Result: [ 7.65012644e-04  4.43661184e+01 -1.95166515e+00 -2.12583807e+00
  2.74034341e-08 -4.77672514e+00]
Covariance: [[ 1.46954323e-10 -1.87425045e-05  1.63327957e-07  2.19435891e-08
   1.24680332e-12  2.37185721e-06]
 [-1.87425045e-05  4.96240147e+00 -1.96669501e-02 -1.39564823e-02
  -9.64770487e-08 -1.75954723e-01]
 [ 1.63327957e-07 -1.96669501e-02  1.86027800e-04  2.25038917e-05
   1.30949863e-09  2.52232423e-03]
 [ 2.19435891e-08 -1.39564823e-02  2.25038917e-05  8.97303152e-05
   2.14848370e-11 -7.17167494e-05]
 [ 1.24680332e-12 -9.64770487e-08  1.30949863e-09  2.14848370e-11
   6.88481136e-13  8.27949994e-07]
 [ 2.37185721e-06 -1.75954723e-01  2.52232423e-03 -7.17167494e-05
   8.27949994e-07  1.86439394e+00]]
compleated at 2024-09-17 19:49:29.813673