# cov matrix
2.787320178441080862e-10 7.175475742165039546e-08 -3.884329118255256449e-05 6.769372254568471846e-08 -1.099594747791696157e-13 6.281571305919426486e-08
7.175475742165039546e-08 2.966300902271726614e-05 -8.245092791596226808e-03 1.965715685510299360e-06 -1.899597198181959142e-11 7.038809713166032890e-08
-3.884329118255256449e-05 -8.245092791596226808e-03 6.048128680054747797e+00 -1.543547707643115607e-02 1.975162519999973870e-08 -9.521298076757318471e-03
6.769372254568471846e-08 1.965715685510299360e-06 -1.543547707643115607e-02 1.945279602784073857e-04 -4.002941471976093555e-11 -4.317412777799264738e-04
-1.099594747791696157e-13 -1.899597198181959142e-11 1.975162519999973870e-08 -4.002941471976093555e-11 4.705150445831222523e-14 8.593766950253580871e-08
6.281571305919426486e-08 7.038809713166032890e-08 -9.521298076757318471e-03 -4.317412777799264738e-04 8.593766950253580871e-08 5.211684062114148475e+00
