Energy range: (35, 1000)
Data path: ./main_files/crab_19/data_2_2003_comb
Fit path: ./main_files/crab_19/fit_2_2003_combined/crab_band_free_E_c_fit_35_1000
Result: [ 1.52924080e-03 -1.50011789e+00  1.24869748e+02 -2.21340672e+00
  1.46657933e-08 -4.41702677e-01]
Covariance: [[ 2.78732018e-10  7.17547574e-08 -3.88432912e-05  6.76937225e-08
  -1.09959475e-13  6.28157131e-08]
 [ 7.17547574e-08  2.96630090e-05 -8.24509279e-03  1.96571569e-06
  -1.89959720e-11  7.03880971e-08]
 [-3.88432912e-05 -8.24509279e-03  6.04812868e+00 -1.54354771e-02
   1.97516252e-08 -9.52129808e-03]
 [ 6.76937225e-08  1.96571569e-06 -1.54354771e-02  1.94527960e-04
  -4.00294147e-11 -4.31741278e-04]
 [-1.09959475e-13 -1.89959720e-11  1.97516252e-08 -4.00294147e-11
   4.70515045e-14  8.59376695e-08]
 [ 6.28157131e-08  7.03880971e-08 -9.52129808e-03 -4.31741278e-04
   8.59376695e-08  5.21168406e+00]]
compleated at 2024-08-22 11:21:20.381894