# cov matrix
1.304073324863129688e-06 -6.973947289999776235e-04 2.923807575652865600e-04 4.063227902691807498e-06 -1.569776991688347686e-11 -3.947664428689969624e-05
-6.973947289999776235e-04 4.174038074670901044e-01 -1.621469722649645229e-01 -2.619255388807481457e-03 7.217616985507706349e-09 3.369306361928965654e-02
2.923807575652865600e-04 -1.621469722649645229e-01 6.690877525983009166e-02 9.378830519850355580e-04 -3.541280450653541894e-09 -1.291469520877465936e-02
4.063227902691807498e-06 -2.619255388807481457e-03 9.378830519850355580e-04 3.473158802234894922e-05 3.069863828920816913e-11 -2.121775194709778960e-04
-1.569776991688347686e-11 7.217616985507706349e-09 -3.541280450653541894e-09 3.069863828920816913e-11 2.145360519845432403e-13 2.488187987368892376e-07
-3.947664428689969624e-05 3.369306361928965654e-02 -1.291469520877465936e-02 -2.121775194709778960e-04 2.488187987368892376e-07 5.187595873617774522e+00
