# cov matrix
2.366500330045277973e-10 -1.796526304742912051e-06 1.601444621713267763e-07 5.373079072864260536e-09 -9.557998741626598739e-14 1.627801131398987330e-07
-1.796526304742912051e-06 7.477792297320193238e-02 -7.688655986415879936e-04 -9.057899461004053189e-04 -1.435623316281300156e-08 -7.915038014403617816e-02
1.601444621713267763e-07 -7.688655986415879936e-04 1.146586234584620883e-04 8.849394607277273856e-07 -1.921660130599852117e-10 -5.161144977251009604e-04
5.373079072864260536e-09 -9.057899461004053189e-04 8.849394607277273856e-07 2.700632628344037226e-05 2.715556541765880963e-10 1.064730188352151644e-03
-9.557998741626598739e-14 -1.435623316281300156e-08 -1.921660130599852117e-10 2.715556541765880963e-10 1.253862470797055307e-13 1.686592415834415110e-07
1.627801131398987330e-07 -7.915038014403617816e-02 -5.161144977251009604e-04 1.064730188352151644e-03 1.686592415834415110e-07 3.700094080276163933e+00
