Energy range: (30, 400)
Data path: main_files/crab_19/data_2003_center
Fit path: main_files/crab_19/fit_low_e_break_2003/crab_fit_30_400
Result: [ 2.66331842e-03  3.56926555e+01 -7.67625632e-01 -2.10998200e+00
  2.70472676e-08 -2.41817894e-02]
Covariance: [[ 1.30407332e-06 -6.97394729e-04  2.92380758e-04  4.06322790e-06
  -1.56977699e-11 -3.94766443e-05]
 [-6.97394729e-04  4.17403807e-01 -1.62146972e-01 -2.61925539e-03
   7.21761699e-09  3.36930636e-02]
 [ 2.92380758e-04 -1.62146972e-01  6.69087753e-02  9.37883052e-04
  -3.54128045e-09 -1.29146952e-02]
 [ 4.06322790e-06 -2.61925539e-03  9.37883052e-04  3.47315880e-05
   3.06986383e-11 -2.12177519e-04]
 [-1.56977699e-11  7.21761699e-09 -3.54128045e-09  3.06986383e-11
   2.14536052e-13  2.48818799e-07]
 [-3.94766443e-05  3.36930636e-02 -1.29146952e-02 -2.12177519e-04
   2.48818799e-07  5.18759587e+00]]
compleated at 2024-09-17 11:39:22.691301