Energy range: (30, 400)
Data path: main_files/crab_19/data_2003_center
Fit path: main_files/crab_19/fit_low_e_break_2003/crab_fit_30_400
Result: [ 1.34450000e-03  3.89543433e+01 -1.40549227e+00 -2.11903848e+00
  1.93095231e-08 -3.41872146e+00]
Covariance: [[ 2.36650033e-10 -1.79652630e-06  1.60144462e-07  5.37307907e-09
  -9.55799874e-14  1.62780113e-07]
 [-1.79652630e-06  7.47779230e-02 -7.68865599e-04 -9.05789946e-04
  -1.43562332e-08 -7.91503801e-02]
 [ 1.60144462e-07 -7.68865599e-04  1.14658623e-04  8.84939461e-07
  -1.92166013e-10 -5.16114498e-04]
 [ 5.37307907e-09 -9.05789946e-04  8.84939461e-07  2.70063263e-05
   2.71555654e-10  1.06473019e-03]
 [-9.55799874e-14 -1.43562332e-08 -1.92166013e-10  2.71555654e-10
   1.25386247e-13  1.68659242e-07]
 [ 1.62780113e-07 -7.91503801e-02 -5.16114498e-04  1.06473019e-03
   1.68659242e-07  3.70009408e+00]]
compleated at 2024-08-30 12:28:02.899042