Energy range: (30, 400)
Data path: main_files/crab_19/data_2003_center
Fit path: main_files/crab_19/fit_low_e_break_2003/crab_fit_30_400
Result: [ 1.34758063e-03  3.88443905e+01 -1.40084335e+00 -2.12043608e+00
  2.12938304e-08 -2.51291609e-01]
Covariance: [[ 1.78631940e-10 -1.56664796e-06  1.15058655e-07  3.63264820e-09
   5.02321611e-14  1.37938487e-07]
 [-1.56664796e-06  7.16893823e-02 -5.89345081e-04 -8.24244586e-04
  -8.88337285e-10 -4.49915174e-03]
 [ 1.15058655e-07 -5.89345081e-04  8.11781002e-05  1.18018646e-06
   1.59149880e-11 -5.94826397e-05]
 [ 3.63264820e-09 -8.24244586e-04  1.18018646e-06  2.88518904e-05
   2.61442092e-11 -1.85826454e-04]
 [ 5.02321611e-14 -8.88337285e-10  1.59149880e-11  2.61442092e-11
   1.14816721e-13  1.62021211e-07]
 [ 1.37938487e-07 -4.49915174e-03 -5.94826397e-05 -1.85826454e-04
   1.62021211e-07  5.19740375e+00]]
compleated at 2024-09-18 16:46:57.832557