Energy range: (35, 400)
Data path: main_files/crab_19/data_2017_center
Fit path: main_files/crab_19/fit_low_e_break_2017/crab_fit_35_400
Result: [ 1.14711415e-03  4.69842111e+01 -1.40018114e+00 -2.12715951e+00
  2.83207250e-08 -7.97520140e+00]
Covariance: [[ 7.82479214e-11 -1.76545389e-06  5.89337740e-08  3.43823020e-09
   5.24704893e-15 -2.72357983e-07]
 [-1.76545389e-06  2.27603350e-01 -5.74951600e-04 -3.07764445e-03
   1.28572800e-08  4.61975946e-02]
 [ 5.89337740e-08 -5.74951600e-04  5.78554612e-05  8.08507170e-07
  -1.59101419e-12  1.00998228e-05]
 [ 3.43823020e-09 -3.07764445e-03  8.08507170e-07  9.25926778e-05
  -1.78405202e-10 -4.99623110e-04]
 [ 5.24704893e-15  1.28572800e-08 -1.59101419e-12 -1.78405202e-10
   3.18821480e-13  5.37182070e-07]
 [-2.72357983e-07  4.61975946e-02  1.00998228e-05 -4.99623110e-04
   5.37182070e-07  1.59891524e+00]]
compleated at 2024-09-16 20:46:52.899207