# cov matrix
1.410565569106295438e-10 -1.796369049165524095e-05 1.573673283186933746e-07 2.127071981546111973e-08 1.158295442361291198e-12 2.452172910267065453e-06
-1.796369049165524095e-05 4.747654738577771205e+00 -1.890215678052342002e-02 -1.326176649954246937e-02 -1.984410346145031341e-08 -1.453938672515169561e-01
1.573673283186933746e-07 -1.890215678052342002e-02 1.800549561939089854e-04 2.236269563270599310e-05 1.259873401050310682e-09 2.626673052529876658e-03
2.127071981546111973e-08 -1.326176649954246937e-02 2.236269563270599310e-05 8.576478838477012007e-05 -1.388895812628536051e-10 -1.272694669378452727e-04
1.158295442361291198e-12 -1.984410346145031341e-08 1.259873401050310682e-09 -1.388895812628536051e-10 7.430599019635155454e-13 8.684359853133148470e-07
2.452172910267065453e-06 -1.453938672515169561e-01 2.626673052529876658e-03 -1.272694669378452727e-04 8.684359853133148470e-07 1.926312901507449382e+00
