072700040010  072700050010
072700060010  072700070010
072700080010  072700100010
072700110010  072700120010
072700130010  072700150010
072700160010  072700170010
072700180010  072700190010
072700200010  072700220010
072700230010  072700240010
072700250010  072700290010
072700270010  072700300010
072700310010  072700340010
072700350010  072700360010
072700370010  072700380010
072700400010  072700410010
072700420010  072700430010
072700440010  072700450010
072700460010  072700470010
072700480010  072700490010
072700500010  072700510010
072700520010  072700530010
072700540010  072700550010
072700560010  072700590010
072700600010  072700610010
072700650010  072700660010
072700670010  072700690010
072700700010  072700710010
072700720010  072700730010
072700740010  072700760010
072700770010  072700790010
072700800010  072700820010
072700830010  072700840010
072700850010  072700860010
072700870010  072700890010
072700900010  072700910010
072700920010  072700930010
072700940010  072700950010
072700960010  072700970010
072700980010  072700990010
072800010010  072800020010
072800030010  072800050010
072800060010  072800070010
072800080010  072800090010
072800110010  072800130010
072800140010  072800150010
072800160010  072800170010
072800180010  072800250010
072800260010  072800270010
072800580010  072800590010
072800600010  072800620010
072800640010  072800700010
072800720010  072800730010
072800800010  072800810010
072800820010  072800830010
072800840010  072800850010
072800860010  072800870010
072800880010  072800930010
072800940010  072800950010
072800960010  072800970010
072800980010  072800990010
072801000010  072801010010
