# cov matrix
3.903293833551085823e-10 1.073848534734064242e-07 -5.764526114347753719e-05 8.920292042770255917e-08 1.217696189241119795e-16 -4.914996706546143201e-07
1.073848534734064242e-07 4.751573010030863520e-05 -1.291243389946470158e-02 1.056900502978384579e-08 7.085220455843752735e-11 2.556362850887305667e-04
-5.764526114347753719e-05 -1.291243389946470158e-02 9.559308545419829883e+00 -2.246554992365544165e-02 1.917975285164959185e-08 1.003540858711435696e-01
8.920292042770255917e-08 1.056900502978384579e-08 -2.246554992365544165e-02 2.962066013096915224e-04 -7.639564738485275630e-12 -7.748591567600800710e-05
1.217696189241119795e-16 7.085220455843752735e-11 1.917975285164959185e-08 -7.639564738485275630e-12 1.840269429203944691e-13 3.572381179407440535e-07
-4.914996706546143201e-07 2.556362850887305667e-04 1.003540858711435696e-01 -7.748591567600800710e-05 3.572381179407440535e-07 1.680030835390985189e+00
