Energy range: (35, 1000)
Data path: ./main_files/crab_19/data_2_2017_comb
Fit path: ./main_files/crab_19/fit_2_2017_combined/crab_band_free_E_c_fit_35_1000
Result: [ 1.47039590e-03 -1.50111265e+00  1.24679217e+02 -2.18876903e+00
  2.37224159e-08 -7.78370075e+00]
Covariance: [[ 3.90329383e-10  1.07384853e-07 -5.76452611e-05  8.92029204e-08
   1.21769619e-16 -4.91499671e-07]
 [ 1.07384853e-07  4.75157301e-05 -1.29124339e-02  1.05690050e-08
   7.08522046e-11  2.55636285e-04]
 [-5.76452611e-05 -1.29124339e-02  9.55930855e+00 -2.24655499e-02
   1.91797529e-08  1.00354086e-01]
 [ 8.92029204e-08  1.05690050e-08 -2.24655499e-02  2.96206601e-04
  -7.63956474e-12 -7.74859157e-05]
 [ 1.21769619e-16  7.08522046e-11  1.91797529e-08 -7.63956474e-12
   1.84026943e-13  3.57238118e-07]
 [-4.91499671e-07  2.55636285e-04  1.00354086e-01 -7.74859157e-05
   3.57238118e-07  1.68003084e+00]]
compleated at 2024-08-22 12:49:48.081097