# cov matrix
1.789544732288605045e-08 6.951836605818316616e-06 -3.662570637923881663e-03 1.010740567874519592e-06 1.157630191332594242e-11 2.907809998978587904e-05
6.951836605818316616e-06 2.731533063057126325e-03 -1.447441738579647419e+00 3.787198332864534197e-04 4.707442360547316251e-09 1.167933603684986887e-02
-3.662570637923881663e-03 -1.447441738579647419e+00 8.185800613252697531e+02 -2.348620678084264168e-01 -2.156855657218028849e-06 -5.836390145280087260e+00
1.010740567874519592e-06 3.787198332864534197e-04 -2.348620678084264168e-01 1.803066770364385001e-04 -1.389956740374034613e-10 5.705519450511481027e-04
1.157630191332594242e-11 4.707442360547316251e-09 -2.156855657218028849e-06 -1.389956740374034613e-10 6.867952584678763511e-13 8.036184062654460242e-07
2.907809998978587904e-05 1.167933603684986887e-02 -5.836390145280087260e+00 5.705519450511481027e-04 8.036184062654460242e-07 1.668721855825199718e+00
