# cov matrix
2.717348200929571794e-10 1.516868620349021541e-07 -2.284699979115519734e-04 3.730581389558430664e-08 4.048210414189022243e-13 1.201527941750230298e-06
1.516868620349021541e-07 9.349168758289184413e-05 -1.179058443457346589e-01 4.032541678825828882e-06 2.225068125573589600e-10 5.704751223308206871e-04
-2.284699979115519734e-04 -1.179058443457346589e-01 2.126554783227478538e+02 -6.849408117047421640e-02 -1.607398965028770703e-07 -6.299028272462930955e-01
3.730581389558430664e-08 4.032541678825828882e-06 -6.849408117047421640e-02 2.539422990795336022e-04 -1.724921951449235882e-13 -5.779534037294993635e-05
4.048210414189022243e-13 2.225068125573589600e-10 -1.607398965028770703e-07 -1.724921951449235882e-13 3.418513452955211602e-13 5.425908197881181494e-07
1.201527941750230298e-06 5.704751223308206871e-04 -6.299028272462930955e-01 -5.779534037294993635e-05 5.425908197881181494e-07 1.652806450265897231e+00
