Energy range: (20, 1000)
Data path: ./main_files/crab_19/data_2_2017_comb
Fit path: ./main_files/crab_19/fit_2_2017_combined/crab_band_free_E_c_fit_20_1000
Result: [ 1.22671199e-03 -1.74775212e+00  1.30433504e+02 -2.15073115e+00
  2.05147462e-08 -4.62280860e+00]
Covariance: [[ 1.78954473e-08  6.95183661e-06 -3.66257064e-03  1.01074057e-06
   1.15763019e-11  2.90781000e-05]
 [ 6.95183661e-06  2.73153306e-03 -1.44744174e+00  3.78719833e-04
   4.70744236e-09  1.16793360e-02]
 [-3.66257064e-03 -1.44744174e+00  8.18580061e+02 -2.34862068e-01
  -2.15685566e-06 -5.83639015e+00]
 [ 1.01074057e-06  3.78719833e-04 -2.34862068e-01  1.80306677e-04
  -1.38995674e-10  5.70551945e-04]
 [ 1.15763019e-11  4.70744236e-09 -2.15685566e-06 -1.38995674e-10
   6.86795258e-13  8.03618406e-07]
 [ 2.90781000e-05  1.16793360e-02 -5.83639015e+00  5.70551945e-04
   8.03618406e-07  1.66872186e+00]]
compleated at 2024-08-22 09:00:32.788956