# cov matrix
2.454637797142557344e-08 -2.390123441174170512e-04 3.669004576015558238e-05 5.273994337979465068e-08 -1.226445253702315800e-11 -7.593369139234854258e-06
-2.390123441174170512e-04 3.230812737751489472e+00 -3.657279322897125651e-01 -3.881950631227539753e-03 9.651076307814323332e-08 1.457576735732462464e-02
3.669004576015558238e-05 -3.657279322897125651e-01 5.609654178682149661e-02 2.821408898105062075e-05 -2.002194375166888320e-08 -9.004646681312121134e-03
5.273994337979465068e-08 -3.881950631227539753e-03 2.821408898105062075e-05 1.235690139024828388e-04 7.466355966256385574e-10 8.052568833510395218e-04
-1.226445253702315800e-11 9.651076307814323332e-08 -2.002194375166888320e-08 7.466355966256385574e-10 1.401085140698078421e-12 7.417728729477346759e-07
-7.593369139234854258e-06 1.457576735732462464e-02 -9.004646681312121134e-03 8.052568833510395218e-04 7.417728729477346759e-07 5.012143831886044509e+00
