Energy range: (50, 400)
Data path: main_files/crab_19/data_2003_center
Fit path: main_files/crab_19/fit_low_e_break_2003_no_bound/crab_fit_50_400
Result: [ 9.82724834e-04  6.34072509e+01 -1.30587058e+00 -2.13995342e+00
  3.73283616e-08 -1.74014254e+00]
Covariance: [[ 2.45463780e-08 -2.39012344e-04  3.66900458e-05  5.27399434e-08
  -1.22644525e-11 -7.59336914e-06]
 [-2.39012344e-04  3.23081274e+00 -3.65727932e-01 -3.88195063e-03
   9.65107631e-08  1.45757674e-02]
 [ 3.66900458e-05 -3.65727932e-01  5.60965418e-02  2.82140890e-05
  -2.00219438e-08 -9.00464668e-03]
 [ 5.27399434e-08 -3.88195063e-03  2.82140890e-05  1.23569014e-04
   7.46635597e-10  8.05256883e-04]
 [-1.22644525e-11  9.65107631e-08 -2.00219438e-08  7.46635597e-10
   1.40108514e-12  7.41772873e-07]
 [-7.59336914e-06  1.45757674e-02 -9.00464668e-03  8.05256883e-04
   7.41772873e-07  5.01214383e+00]]
compleated at 2024-09-17 18:53:10.707172