# cov matrix
2.965558559003348319e-09 -3.302190190850897647e-06 1.087736912235446194e-06 -6.831156057747719581e-09 -1.887637455013045924e-13 -4.112231013868058786e-07
-3.302190190850897647e-06 2.576792975430649418e-02 -6.498869429896605510e-04 -6.812091051805934045e-04 1.682690786243577118e-09 2.000287397276189275e-03
1.087736912235446194e-06 -6.498869429896605510e-04 4.296527648239613644e-04 -4.914510316733505823e-06 -4.593655006753841550e-11 4.711251854362713727e-05
-6.831156057747719581e-09 -6.812091051805934045e-04 -4.914510316733505823e-06 5.656252010876266996e-05 -2.432521991161100659e-11 4.363399645716478127e-04
-1.887637455013045924e-13 1.682690786243577118e-09 -4.593655006753841550e-11 -2.432521991161100659e-11 1.822856373056576963e-13 2.161639153582929104e-07
-4.112231013868058786e-07 2.000287397276189275e-03 4.711251854362713727e-05 4.363399645716478127e-04 2.161639153582929104e-07 5.168837853889857392e+00
