Energy range: (40, 400)
Data path: main_files/crab_19/data_2003_center
Fit path: main_files/crab_19/fit_low_e_break_2003_no_bound/crab_fit_40_400
Result: [ 3.23207108e-03  4.78809241e+01 -4.15997908e-04 -2.12309286e+00
  1.88640380e-08 -1.28328376e+00]
Covariance: [[ 2.96555856e-09 -3.30219019e-06  1.08773691e-06 -6.83115606e-09
  -1.88763746e-13 -4.11223101e-07]
 [-3.30219019e-06  2.57679298e-02 -6.49886943e-04 -6.81209105e-04
   1.68269079e-09  2.00028740e-03]
 [ 1.08773691e-06 -6.49886943e-04  4.29652765e-04 -4.91451032e-06
  -4.59365501e-11  4.71125185e-05]
 [-6.83115606e-09 -6.81209105e-04 -4.91451032e-06  5.65625201e-05
  -2.43252199e-11  4.36339965e-04]
 [-1.88763746e-13  1.68269079e-09 -4.59365501e-11 -2.43252199e-11
   1.82285637e-13  2.16163915e-07]
 [-4.11223101e-07  2.00028740e-03  4.71125185e-05  4.36339965e-04
   2.16163915e-07  5.16883785e+00]]
compleated at 2024-09-17 18:34:02.172413