# cov matrix
3.306694415281659760e-09 -1.019830437833470135e-04 5.026673288029930930e-06 1.257068976391328120e-07 -1.779884379436935198e-12 -9.485579286523263819e-06
-1.019830437833470135e-04 4.327194891822197853e+00 -1.527334435689185754e-01 -1.476975357614298059e-02 2.018520183466943893e-08 3.359932913265764598e-01
5.026673288029930930e-06 -1.527334435689185754e-01 7.719366675609037540e-03 1.825830395978726391e-04 -3.162170288137369068e-09 -1.177947407385044991e-02
1.257068976391328120e-07 -1.476975357614298059e-02 1.825830395978726391e-04 2.130783816357722821e-04 1.082237596349908137e-10 1.669678796414303173e-03
-1.779884379436935198e-12 2.018520183466943893e-08 -3.162170288137369068e-09 1.082237596349908137e-10 3.538473945783563680e-13 1.072863389905603712e-07
-9.485579286523263819e-06 3.359932913265764598e-01 -1.177947407385044991e-02 1.669678796414303173e-03 1.072863389905603712e-07 4.064933960814292035e+00
