Energy range: (23.5, 400)
Data path: main_files/crab_19/data_2003_center
Fit path: main_files/crab_19/fit_low_e_break_2003/crab_fit_23_5_400
Result: [ 1.50759378e-03  3.24885230e+01 -1.40029407e+00 -2.10241234e+00
  1.77952773e-08 -1.01562770e+00]
Covariance: [[ 6.04756583e-10 -3.73793829e-06  3.08431830e-07  1.35407807e-08
  -2.09662159e-14 -1.01063196e-06]
 [-3.73793829e-06  7.17976608e-02 -1.41355698e-03 -6.52992180e-04
  -7.62121678e-12  1.50537901e-02]
 [ 3.08431830e-07 -1.41355698e-03  1.65260753e-04  4.86839560e-06
  -1.36999122e-11 -3.82983184e-04]
 [ 1.35407807e-08 -6.52992180e-04  4.86839560e-06  2.01278915e-05
   8.84854290e-12  5.26567947e-05]
 [-2.09662159e-14 -7.62121678e-12 -1.36999122e-11  8.84854290e-12
   5.92364737e-14  1.01442726e-07]
 [-1.01063196e-06  1.50537901e-02 -3.82983184e-04  5.26567947e-05
   1.01442726e-07  5.26934595e+00]]
compleated at 2024-09-19 15:43:42.249158