# cov matrix
1.782380083091306697e-07 -4.454835959644231193e-05 2.828716998761575532e-05 2.109943505561712190e-07 2.849344503898496397e-12 -1.101524429988341712e-05
-4.454835959644231193e-05 2.366303203363223639e-02 -6.678330413718030871e-03 -3.506670189321659296e-04 5.618323774971398220e-09 1.874196449283172319e-02
2.828716998761575532e-05 -6.678330413718030871e-03 4.533875056439750154e-03 3.125978722980476797e-05 4.326846390181412549e-10 -1.127107070074476192e-03
2.109943505561712190e-07 -3.506670189321659296e-04 3.125978722980476797e-05 3.419244682339879065e-05 1.837876058647372747e-10 2.875734321492755719e-04
2.849344503898496397e-12 5.618323774971398220e-09 4.326846390181412549e-10 1.837876058647372747e-10 1.059108070117310179e-12 1.081127392053631330e-06
-1.101524429988341712e-05 1.874196449283172319e-02 -1.127107070074476192e-03 2.875734321492755719e-04 1.081127392053631330e-06 2.741385617959354981e+00
