Energy range: (30, 400)
Data path: main_files/crab_19/data_2017_center
Fit path: main_files/crab_19/fit_low_e_break_2017_no_bound/crab_fit_30_400
Result: [ 6.18474732e-03  3.42529900e+01 -1.39114211e-03 -2.09426047e+00
  2.53906919e-08 -4.42709157e+00]
Covariance: [[ 1.78238008e-07 -4.45483596e-05  2.82871700e-05  2.10994351e-07
   2.84934450e-12 -1.10152443e-05]
 [-4.45483596e-05  2.36630320e-02 -6.67833041e-03 -3.50667019e-04
   5.61832377e-09  1.87419645e-02]
 [ 2.82871700e-05 -6.67833041e-03  4.53387506e-03  3.12597872e-05
   4.32684639e-10 -1.12710707e-03]
 [ 2.10994351e-07 -3.50667019e-04  3.12597872e-05  3.41924468e-05
   1.83787606e-10  2.87573432e-04]
 [ 2.84934450e-12  5.61832377e-09  4.32684639e-10  1.83787606e-10
   1.05910807e-12  1.08112739e-06]
 [-1.10152443e-05  1.87419645e-02 -1.12710707e-03  2.87573432e-04
   1.08112739e-06  2.74138562e+00]]
compleated at 2024-09-17 21:05:53.393122