192700030010  192700040010
192700050010  192700060010
192700080010  192700090010
192700100010  192700110010
192700120010  192700130010
192700140010  192700150010
192700160010  192700170010
192700180010  192700190010
192700200010  192700210010
192700220010  192700230010
192700240010  192700250010
192700260010  192700270010
192700280010  192700300010
192700310010  192700320010
192700330010  192700340010
192700350010  192700360010
192700370010  192700380010
192700390010  192700400010
192700410010  192700420010
192700430010  192700440010
192700450010  192700460010
192700470010  192700480010
192700490010  192700500010
192700510010  192700520010
192800020010  192800030010
192800040010  192800050010
192800060010  192800070010
192800080010  192800090010
192800100010  192800110010
192800120010  192800130010
192800140010  192800150010
192800170010  192800180010
192800190010  192800200010
192800210010  192800220010
192800230010  192800240010
192800250010  192800260010
192800270010  192800280010
192800290010  192800300010
192800310010  192800320010
192800330010  192800340010
192800350010  192800360010
192800370010  192800380010
192800390010  192800400010
192800410010  192800420010
192800430010  192800440010
192800450010  192800460010
192800470010  192800480010
192800490010  192800500010
192800510010  192800520010
192800530010  192800540010
192800550010  192800560010
192800570010  192800580010
192800590010  192800600010
192800610010  192800620010
192800630010  192800640010
192800650010  192800660010
192800670010  192800680010
192800690010  192800700010
192800710010  192800720010
192800730010  192800740010
192800750010  192800760010
192800770010  192800780010
