# cov matrix
6.403729239190984426e-11 -1.031528329471968738e-05 7.080635878937233793e-08 9.856610983132397908e-09 3.197832630028587193e-14 -1.475698560782262432e-07
-1.031528329471968738e-05 3.964330375978668108e+00 -1.071450375771594576e-02 -1.102720911664418178e-02 1.311452969346150588e-09 9.467412408580783145e-02
7.080635878937233793e-08 -1.071450375771594576e-02 8.073002359263229104e-05 1.029977161512932763e-05 3.169115940876266643e-11 -1.779623535205332831e-04
9.856610983132397908e-09 -1.102720911664418178e-02 1.029977161512932763e-05 6.288105363864847808e-05 -4.763078782161087261e-11 -4.743777364596681533e-04
3.197832630028587193e-14 1.311452969346150588e-09 3.169115940876266643e-11 -4.763078782161087261e-11 7.686526376636433955e-14 1.253179149816912971e-07
-1.475698560782262432e-07 9.467412408580783145e-02 -1.779623535205332831e-04 -4.743777364596681533e-04 1.253179149816912971e-07 5.254929477844704877e+00
