Energy range: (25, 1000)
Data path: ./main_files/crab_19/data_2_2003_comb
Fit path: ./main_files/crab_19/fit_2_2003_combined/crab_band_fit_25_1000_fit_E_c
Result: [ 9.76700518e-04 -1.84478953e+00  3.00123850e+02 -2.23733699e+00
  1.20448300e-08 -1.01522002e+00]
Covariance: [[ 2.71042974e-11  2.20328905e-08 -1.34515803e-05 -2.78154736e-08
  -4.82602288e-14 -1.71624418e-07]
 [ 2.20328905e-08  2.16607335e-05 -8.27915027e-03 -2.83915232e-05
  -3.72197795e-11 -4.75575088e-05]
 [-1.34515803e-05 -8.27915027e-03  1.37540063e+01 -2.41125506e-03
   3.81848384e-08  2.66354373e-01]
 [-2.78154736e-08 -2.83915232e-05 -2.41125506e-03  4.12733219e-04
   2.18298527e-10 -9.83939014e-04]
 [-4.82602288e-14 -3.72197795e-11  3.81848384e-08  2.18298527e-10
   4.67682418e-14  8.61203672e-08]
 [-1.71624418e-07 -4.75575088e-05  2.66354373e-01 -9.83939014e-04
   8.61203672e-08  5.20646673e+00]]
compleated at 2024-08-09 00:08:32.735969