Energy range: (25, 400)
Data path: main_files/crab_19/data_2017_center
Fit path: main_files/crab_19/fit_low_e_break_2017_no_bound/crab_fit_25_400
Result: [ 1.35395936e-03  3.53304552e+01 -1.42904048e+00 -2.11166876e+00
  2.62020013e-07 -4.25729004e+00]
Covariance: [[ 2.10771406e-10  9.31091653e-08  1.40742186e-07 -1.87038271e-08
  -1.47797131e-12 -3.33244372e-07]
 [ 9.31091653e-08  4.74836763e-02  5.15808782e-04 -2.76214892e-04
  -1.49234283e-08 -2.97479171e-02]
 [ 1.40742186e-07  5.15808782e-04  1.01390456e-04 -1.08570860e-05
  -1.29930086e-09 -5.31108020e-04]
 [-1.87038271e-08 -2.76214892e-04 -1.08570860e-05  1.90566558e-05
  -4.02059705e-12  1.22746471e-04]
 [-1.47797131e-12 -1.49234283e-08 -1.29930086e-09 -4.02059705e-12
   4.80330327e-13  4.28868960e-07]
 [-3.33244372e-07 -2.97479171e-02 -5.31108020e-04  1.22746471e-04
   4.28868960e-07  7.58562481e-01]]
compleated at 2024-09-17 20:27:20.378369