# cov matrix
1.782300103747240432e-10 1.201988984768936085e-07 -2.134364647073249560e-04 -1.453899570065963582e-08 4.510132128697976464e-13 1.671582634299682708e-06
1.201988984768936085e-07 8.814703958615429562e-05 -1.318175669965580832e-01 -2.672669702206482327e-05 3.318681126712224378e-10 1.184886948286032827e-03
-2.134364647073249560e-04 -1.318175669965580832e-01 3.018241254559613367e+02 -4.796607616222765130e-02 -2.560303737148327831e-07 -1.147060141515848120e+00
-1.453899570065963582e-08 -2.672669702206482327e-05 -4.796607616222765130e-02 3.722684787629082590e-04 -1.381755868819060864e-10 -1.018904920405031000e-03
4.510132128697976464e-13 3.318681126712224378e-10 -2.560303737148327831e-07 -1.381755868819060864e-10 2.663226184372451180e-13 4.576202267778355602e-07
1.671582634299682708e-06 1.184886948286032827e-03 -1.147060141515848120e+00 -1.018904920405031000e-03 4.576202267778355602e-07 1.639169705106689801e+00
