Energy range: (20, 700)
Data path: ./main_files/crab_19/data_2_2017_comb
Fit path: ./main_files/crab_19/fit_2_2017_combined/crab_band_fit_20_700_fit_E_c
Result: [ 9.23008127e-04 -1.88438048e+00  3.00516022e+02 -2.17572532e+00
  2.26761889e-08 -6.78083108e+00]
Covariance: [[ 1.78230010e-10  1.20198898e-07 -2.13436465e-04 -1.45389957e-08
   4.51013213e-13  1.67158263e-06]
 [ 1.20198898e-07  8.81470396e-05 -1.31817567e-01 -2.67266970e-05
   3.31868113e-10  1.18488695e-03]
 [-2.13436465e-04 -1.31817567e-01  3.01824125e+02 -4.79660762e-02
  -2.56030374e-07 -1.14706014e+00]
 [-1.45389957e-08 -2.67266970e-05 -4.79660762e-02  3.72268479e-04
  -1.38175587e-10 -1.01890492e-03]
 [ 4.51013213e-13  3.31868113e-10 -2.56030374e-07 -1.38175587e-10
   2.66322618e-13  4.57620227e-07]
 [ 1.67158263e-06  1.18488695e-03 -1.14706014e+00 -1.01890492e-03
   4.57620227e-07  1.63916971e+00]]
compleated at 2024-08-09 03:28:54.586560