# cov matrix
5.686836715582964849e-08 -4.238401666929328751e-04 7.825536442358984473e-05 4.216391287451071125e-07 2.806107491786752260e-12 -4.166871260468591381e-05
-4.238401666929328751e-04 4.668266695727333548e+00 -6.069414581901687589e-01 -1.010605558014169951e-02 -3.972767044396523613e-08 6.208156340211592461e-01
7.825536442358984473e-05 -6.069414581901687589e-01 1.103449827742823408e-01 5.058223581517358718e-04 4.675263433984617127e-09 -6.385789731597901753e-02
4.216391287451071125e-07 -1.010605558014169951e-02 5.058223581517358718e-04 2.395820832738493615e-04 -2.511010845116021839e-10 -3.854552790521748994e-03
2.806107491786752260e-12 -3.972767044396523613e-08 4.675263433984617127e-09 -2.511010845116021839e-10 1.580648068343311160e-13 7.152746360796393420e-08
-4.166871260468591381e-05 6.208156340211592461e-01 -6.385789731597901753e-02 -3.854552790521748994e-03 7.152746360796393420e-08 4.276123860827066636e+00
