# cov matrix
1.364069174045548780e-10 8.581217548306324774e-08 -1.567790968596569979e-04 1.028205314029740328e-08 7.576491337929357756e-14 6.274890473301333146e-07
8.581217548306324774e-08 5.833289268511514882e-05 -9.190402583600749964e-02 -5.312875750072036665e-06 5.449520442115105672e-11 5.240838959611798711e-04
-1.567790968596569979e-04 -9.190402583600749964e-02 2.037310035939921704e+02 -5.184702966880837260e-02 -6.115565737427680232e-08 -5.946813996947768466e-01
1.028205314029740328e-08 -5.312875750072036665e-06 -5.184702966880837260e-02 2.548892458973292508e-04 5.725976358778239091e-11 5.817565714250432472e-04
7.576491337929357756e-14 5.449520442115105672e-11 -6.115565737427680232e-08 5.725976358778239091e-11 6.100691379027143014e-14 1.172496151373629368e-07
6.274890473301333146e-07 5.240838959611798711e-04 -5.946813996947768466e-01 5.817565714250432472e-04 1.172496151373629368e-07 5.351604919569747487e+00
