Energy range: (20, 700)
Data path: ./main_files/crab_19/data_2_2003_comb
Fit path: ./main_files/crab_19/fit_2_2003_combined/crab_band_fit_20_700_fit_E_c
Result: [ 9.55734358e-04 -1.88142231e+00  3.00413310e+02 -2.19162062e+00
  1.68114313e-08 -2.12260191e-01]
Covariance: [[ 1.36406917e-10  8.58121755e-08 -1.56779097e-04  1.02820531e-08
   7.57649134e-14  6.27489047e-07]
 [ 8.58121755e-08  5.83328927e-05 -9.19040258e-02 -5.31287575e-06
   5.44952044e-11  5.24083896e-04]
 [-1.56779097e-04 -9.19040258e-02  2.03731004e+02 -5.18470297e-02
  -6.11556574e-08 -5.94681400e-01]
 [ 1.02820531e-08 -5.31287575e-06 -5.18470297e-02  2.54889246e-04
   5.72597636e-11  5.81756571e-04]
 [ 7.57649134e-14  5.44952044e-11 -6.11556574e-08  5.72597636e-11
   6.10069138e-14  1.17249615e-07]
 [ 6.27489047e-07  5.24083896e-04 -5.94681400e-01  5.81756571e-04
   1.17249615e-07  5.35160492e+00]]
compleated at 2024-08-08 23:14:34.131587