# cov matrix
2.188954665617980093e-10 -2.691700623441259940e-06 1.435100407597243964e-07 8.328268472475007354e-09 -2.067584642824603873e-14 -7.643346849635536185e-07
-2.691700623441259940e-06 1.327549622362680926e-01 -1.110534851214227837e-03 -1.554278648222253735e-03 1.845571202085730370e-08 6.436216321692458942e-02
1.435100407597243964e-07 -1.110534851214227837e-03 1.040982007673300392e-04 2.494184926264499947e-06 1.046292803742299729e-11 5.382443239182314355e-05
8.328268472475007354e-09 -1.554278648222253735e-03 2.494184926264499947e-06 5.052647768394950134e-05 -4.778407375782406525e-11 -2.043916949394976323e-04
-2.067584642824603873e-14 1.845571202085730370e-08 1.046292803742299729e-11 -4.778407375782406525e-11 9.030374415558639401e-13 1.012234059924853688e-06
-7.643346849635536185e-07 6.436216321692458942e-02 5.382443239182314355e-05 -2.043916949394976323e-04 1.012234059924853688e-06 2.925888066571537216e+00
