Energy range: (30, 400)
Data path: main_files/crab_19/data_2017_center
Fit path: main_files/crab_19/fit_low_e_break_2017/crab_fit_30_400
Result: [ 1.29035454e-03  3.94412827e+01 -1.40089702e+00 -2.11513656e+00
  2.79530323e-08 -4.42268077e+00]
Covariance: [[ 2.18895467e-10 -2.69170062e-06  1.43510041e-07  8.32826847e-09
  -2.06758464e-14 -7.64334685e-07]
 [-2.69170062e-06  1.32754962e-01 -1.11053485e-03 -1.55427865e-03
   1.84557120e-08  6.43621632e-02]
 [ 1.43510041e-07 -1.11053485e-03  1.04098201e-04  2.49418493e-06
   1.04629280e-11  5.38244324e-05]
 [ 8.32826847e-09 -1.55427865e-03  2.49418493e-06  5.05264777e-05
  -4.77840738e-11 -2.04391695e-04]
 [-2.06758464e-14  1.84557120e-08  1.04629280e-11 -4.77840738e-11
   9.03037442e-13  1.01223406e-06]
 [-7.64334685e-07  6.43621632e-02  5.38244324e-05 -2.04391695e-04
   1.01223406e-06  2.92588807e+00]]
compleated at 2024-08-30 17:26:21.785874