# cov matrix
2.465232013865913105e-10 1.404653681149640685e-07 -2.470853059228828074e-04 4.948618009520851003e-08 6.740890186377587221e-14 1.553248978376497278e-08
1.404653681149640685e-07 8.521409163261410872e-05 -1.341310949525430507e-01 1.476940894666631047e-05 2.778082673453310935e-11 8.319627084274809175e-06
-2.470853059228828074e-04 -1.341310949525430507e-01 2.663016597339786244e+02 -8.361307870384218632e-02 -6.018964625285227645e-08 -1.804315178323377677e-01
4.948618009520851003e-08 1.476940894666631047e-05 -8.361307870384218632e-02 2.314016471168730562e-04 5.432680595611601281e-11 6.364480686463506098e-04
6.740890186377587221e-14 2.778082673453310935e-11 -6.018964625285227645e-08 5.432680595611601281e-11 5.648593067889982448e-14 1.059112013247220206e-07
1.553248978376497278e-08 8.319627084274809175e-06 -1.804315178323377677e-01 6.364480686463506098e-04 1.059112013247220206e-07 5.140942826219898620e+00
