# cov matrix
3.204470845857561033e-09 1.554154061528041601e-06 -1.690842369018238835e-03 4.613381243083104617e-07 5.113948088308397131e-13 -1.504203615186194379e-06
1.554154061528041601e-06 7.626262082799869797e-04 -8.232907577586927594e-01 2.111756162677054830e-04 2.649871916036285586e-10 -8.941533657731360251e-04
-1.690842369018238835e-03 -8.232907577586927594e-01 9.404139607729130148e+02 -2.726820311520289364e-01 -2.794011385540448589e-07 1.073591223291711083e+00
4.613381243083104617e-07 2.111756162677054830e-04 -2.726820311520289364e-01 2.119268344697297288e-04 6.462805598378312701e-11 8.186369340021234186e-05
5.113948088308397131e-13 2.649871916036285586e-10 -2.794011385540448589e-07 6.462805598378312701e-11 4.202788293637617292e-14 9.076964452486751654e-08
-1.504203615186194379e-06 -8.941533657731360251e-04 1.073591223291711083e+00 8.186369340021234186e-05 9.076964452486751654e-08 5.088825965386625683e+00
