Energy range: (20, 1000)
Data path: ./main_files/crab_19/data_2_2003_comb
Fit path: ./main_files/crab_19/fit_2_2003_combined/crab_band_free_E_c_fit_20_1000
Result: [ 9.99743632e-04 -1.85983976e+00  2.70497286e+02 -2.19054054e+00
  1.56335177e-08 -2.22404920e-02]
Covariance: [[ 2.46523201e-10  1.40465368e-07 -2.47085306e-04  4.94861801e-08
   6.74089019e-14  1.55324898e-08]
 [ 1.40465368e-07  8.52140916e-05 -1.34131095e-01  1.47694089e-05
   2.77808267e-11  8.31962708e-06]
 [-2.47085306e-04 -1.34131095e-01  2.66301660e+02 -8.36130787e-02
  -6.01896463e-08 -1.80431518e-01]
 [ 4.94861801e-08  1.47694089e-05 -8.36130787e-02  2.31401647e-04
   5.43268060e-11  6.36448069e-04]
 [ 6.74089019e-14  2.77808267e-11 -6.01896463e-08  5.43268060e-11
   5.64859307e-14  1.05911201e-07]
 [ 1.55324898e-08  8.31962708e-06 -1.80431518e-01  6.36448069e-04
   1.05911201e-07  5.14094283e+00]]
compleated at 2024-08-13 15:20:28.739213