# cov matrix
1.562577084496254283e-10 1.052598254863916281e-07 -1.813490252023295367e-04 -9.994965310958020593e-09 4.498700229428494712e-13 1.128801232828363830e-06
1.052598254863916281e-07 7.794538451245460484e-05 -1.103852997941566910e-01 -2.469302998571709765e-05 3.467356102108790168e-10 8.293489564704171254e-04
-1.813490252023295367e-04 -1.103852997941566910e-01 2.522036341834021869e+02 -4.928398802213010410e-02 -2.581047999316091932e-07 -5.518476075857430274e-01
-9.994965310958020593e-09 -2.469302998571709765e-05 -4.928398802213010410e-02 3.830581831221326148e-04 -6.045935728588195958e-10 -1.663074788574377301e-03
4.498700229428494712e-13 3.467356102108790168e-10 -2.581047999316091932e-07 -6.045935728588195958e-10 2.265459754794378038e-13 4.155362496115115446e-07
1.128801232828363830e-06 8.293489564704171254e-04 -5.518476075857430274e-01 -1.663074788574377301e-03 4.155362496115115446e-07 1.517219898731946071e+00
