Energy range: (20, 1000)
Data path: ./main_files/crab_19/data_2_2017_comb
Fit path: ./main_files/crab_19/fit_2_2017_combined/crab_band_fit_20_1000_fit_E_c
Result: [ 9.23769191e-04 -1.88153227e+00  3.00576544e+02 -2.18425606e+00
  1.77743278e-08 -5.93246724e+00]
Covariance: [[ 1.56257708e-10  1.05259825e-07 -1.81349025e-04 -9.99496531e-09
   4.49870023e-13  1.12880123e-06]
 [ 1.05259825e-07  7.79453845e-05 -1.10385300e-01 -2.46930300e-05
   3.46735610e-10  8.29348956e-04]
 [-1.81349025e-04 -1.10385300e-01  2.52203634e+02 -4.92839880e-02
  -2.58104800e-07 -5.51847608e-01]
 [-9.99496531e-09 -2.46930300e-05 -4.92839880e-02  3.83058183e-04
  -6.04593573e-10 -1.66307479e-03]
 [ 4.49870023e-13  3.46735610e-10 -2.58104800e-07 -6.04593573e-10
   2.26545975e-13  4.15536250e-07]
 [ 1.12880123e-06  8.29348956e-04 -5.51847608e-01 -1.66307479e-03
   4.15536250e-07  1.51721990e+00]]
compleated at 2024-08-09 01:53:03.638559