# cov matrix
1.297601772974783197e-09 -4.409056792086072930e-05 2.602350982425696016e-06 -1.155876788549598347e-08 -8.153381193268693795e-13 2.853000324020645953e-06
-4.409056792086072930e-05 2.410083841534446325e+00 -7.806422980216005947e-02 -5.632054572143863590e-03 4.687465134864094397e-08 -6.222193887948507945e-02
2.602350982425696016e-06 -7.806422980216005947e-02 5.496303857917432534e-03 -3.015597407903084331e-05 -1.868971972873776715e-09 6.023508560276179952e-03
-1.155876788549598347e-08 -5.632054572143863590e-03 -3.015597407903084331e-05 1.406757724535874130e-04 -8.859454392018653232e-11 -5.922018846137589712e-04
-8.153381193268693795e-13 4.687465134864094397e-08 -1.868971972873776715e-09 -8.859454392018653232e-11 1.075623227207633033e-12 6.779357321415699340e-07
2.853000324020645953e-06 -6.222193887948507945e-02 6.023508560276179952e-03 -5.922018846137589712e-04 6.779357321415699340e-07 5.256161912924128821e+00
