Energy range: (50, 400)
Data path: main_files/crab_19/data_2003_center
Fit path: main_files/crab_19/fit_low_e_break_2003/crab_fit_50_400
Result: [ 9.13530090e-04  6.50572505e+01 -1.40118653e+00 -2.14281273e+00
  3.35121057e-08 -6.33689381e-01]
Covariance: [[ 1.29760177e-09 -4.40905679e-05  2.60235098e-06 -1.15587679e-08
  -8.15338119e-13  2.85300032e-06]
 [-4.40905679e-05  2.41008384e+00 -7.80642298e-02 -5.63205457e-03
   4.68746513e-08 -6.22219389e-02]
 [ 2.60235098e-06 -7.80642298e-02  5.49630386e-03 -3.01559741e-05
  -1.86897197e-09  6.02350856e-03]
 [-1.15587679e-08 -5.63205457e-03 -3.01559741e-05  1.40675772e-04
  -8.85945439e-11 -5.92201885e-04]
 [-8.15338119e-13  4.68746513e-08 -1.86897197e-09 -8.85945439e-11
   1.07562323e-12  6.77935732e-07]
 [ 2.85300032e-06 -6.22219389e-02  6.02350856e-03 -5.92201885e-04
   6.77935732e-07  5.25616191e+00]]
compleated at 2024-09-16 19:56:01.318236