Energy range: (25, 400)
Data path: main_files/crab_19/data_2003_center
Fit path: main_files/crab_19/fit_low_e_break_2003_no_bound/crab_fit_25_400
Result: [ 3.16576307e-03  3.17632302e+01 -7.69888105e-01 -2.10227861e+00
  1.05720160e-13 -2.35976927e+00]
Covariance: [[ 8.99398439e-09 -5.05313848e-06  2.29955947e-06  8.55390736e-08
   2.94544585e-18  7.54221609e-06]
 [-5.05313848e-06  1.23231136e-02 -1.07647948e-03 -3.13212761e-04
  -5.22005933e-15 -1.10411902e-02]
 [ 2.29955947e-06 -1.07647948e-03  5.97696431e-04  1.91297150e-05
   6.25641313e-16  2.11539291e-03]
 [ 8.55390736e-08 -3.13212761e-04  1.91297150e-05  2.25303653e-05
   2.02527766e-16  6.12963332e-04]
 [ 2.94544585e-18 -5.22005933e-15  6.25641313e-16  2.02527766e-16
   2.24157098e-25 -7.28403776e-15]
 [ 7.54221609e-06 -1.10411902e-02  2.11539291e-03  6.12963332e-04
  -7.28403776e-15  2.58625642e-01]]
compleated at 2024-09-17 17:47:13.432334