# cov matrix
3.428124869632977407e-09 -1.028800501245091619e-04 4.989921568101778381e-06 1.755303995603911503e-07 -2.551678361596784457e-13 -1.597955808142319942e-06
-1.028800501245091619e-04 3.810496140787587471e+00 -1.486323127233654950e-01 -1.207390764485775925e-02 -1.781431053002598253e-09 1.777494880576448860e-02
4.989921568101778381e-06 -1.486323127233654950e-01 7.316559960410167450e-03 2.486426164044112735e-04 -2.955336534126341581e-10 -2.238354284823250613e-03
1.755303995603911503e-07 -1.207390764485775925e-02 2.486426164044112735e-04 1.426442637018327073e-04 4.384780875408143115e-11 5.580046413231262839e-05
-2.551678361596784457e-13 -1.781431053002598253e-09 -2.955336534126341581e-10 4.384780875408143115e-11 2.419872867948003167e-13 2.634207847929281329e-07
-1.597955808142319942e-06 1.777494880576448860e-02 -2.238354284823250613e-03 5.580046413231262839e-05 2.634207847929281329e-07 5.172284333424014058e+00
