Energy range: (45, 400)
Data path: main_files/crab_19/data_2003_center
Fit path: main_files/crab_19/fit_low_e_break_2003/crab_fit_45_400
Result: [ 1.02424834e-03  5.65409273e+01 -1.41132665e+00 -2.13823183e+00
  2.62540270e-08 -1.13036739e+00]
Covariance: [[ 3.42812487e-09 -1.02880050e-04  4.98992157e-06  1.75530400e-07
  -2.55167836e-13 -1.59795581e-06]
 [-1.02880050e-04  3.81049614e+00 -1.48632313e-01 -1.20739076e-02
  -1.78143105e-09  1.77749488e-02]
 [ 4.98992157e-06 -1.48632313e-01  7.31655996e-03  2.48642616e-04
  -2.95533653e-10 -2.23835428e-03]
 [ 1.75530400e-07 -1.20739076e-02  2.48642616e-04  1.42644264e-04
   4.38478088e-11  5.58004641e-05]
 [-2.55167836e-13 -1.78143105e-09 -2.95533653e-10  4.38478088e-11
   2.41987287e-13  2.63420785e-07]
 [-1.59795581e-06  1.77749488e-02 -2.23835428e-03  5.58004641e-05
   2.63420785e-07  5.17228433e+00]]
compleated at 2024-09-16 19:39:06.078500