# cov matrix
3.512636081165873454e-11 -1.544335354530900033e-06 2.515748439122507990e-08 2.347825759896386819e-09 3.879839748567696569e-14 -4.551249775595236176e-08
-1.544335354530900033e-06 3.313659695120878546e-01 -4.602622234329887098e-04 -4.435810662067418350e-03 -3.055208652940341517e-09 4.667990722082861199e-02
2.515748439122507990e-08 -4.602622234329887098e-04 3.051502912342957778e-05 7.505729903495690387e-07 -2.884450533722245261e-11 1.935193682346679860e-05
2.347825759896386819e-09 -4.435810662067418350e-03 7.505729903495690387e-07 1.090053009692995085e-04 2.864572893570204171e-11 -7.273371839262343696e-04
3.879839748567696569e-14 -3.055208652940341517e-09 -2.884450533722245261e-11 2.864572893570204171e-11 1.216097072067478289e-13 1.606519602773093907e-07
-4.551249775595236176e-08 4.667990722082861199e-02 1.935193682346679860e-05 -7.273371839262343696e-04 1.606519602773093907e-07 5.188720970785247744e+00
