Energy range: (40, 400)
Data path: main_files/crab_19/data_2003_center
Fit path: main_files/crab_19/fit_low_e_break_2003/crab_fit_40_400
Result: [ 1.06723970e-03  5.45243979e+01 -1.40086602e+00 -2.14192216e+00
  2.58071049e-08 -9.39511039e-01]
Covariance: [[ 3.51263608e-11 -1.54433535e-06  2.51574844e-08  2.34782576e-09
   3.87983975e-14 -4.55124978e-08]
 [-1.54433535e-06  3.31365970e-01 -4.60262223e-04 -4.43581066e-03
  -3.05520865e-09  4.66799072e-02]
 [ 2.51574844e-08 -4.60262223e-04  3.05150291e-05  7.50572990e-07
  -2.88445053e-11  1.93519368e-05]
 [ 2.34782576e-09 -4.43581066e-03  7.50572990e-07  1.09005301e-04
   2.86457289e-11 -7.27337184e-04]
 [ 3.87983975e-14 -3.05520865e-09 -2.88445053e-11  2.86457289e-11
   1.21609707e-13  1.60651960e-07]
 [-4.55124978e-08  4.66799072e-02  1.93519368e-05 -7.27337184e-04
   1.60651960e-07  5.18872097e+00]]
compleated at 2024-08-30 12:46:11.631348