# cov matrix
5.003461625102118454e-09 -5.249450003414810136e-06 1.971598187848829703e-06 -6.511208783343498199e-09 1.810740941976973452e-12 -1.403568916498975780e-06
-5.249450003414810136e-06 3.802709421583722049e-02 -1.277056143578352487e-03 -1.048494107232350245e-03 3.305638297418825548e-09 2.516821024536605028e-02
1.971598187848829703e-06 -1.277056143578352487e-03 8.232870643763325188e-04 -3.401505101013337526e-06 5.500800619258719757e-10 1.197209402961494978e-03
-6.511208783343498199e-09 -1.048494107232350245e-03 -3.401505101013337526e-06 8.985473985774827875e-05 -9.433455772696716047e-12 1.008031394804401572e-03
1.810740941976973452e-12 3.305638297418825548e-09 5.500800619258719757e-10 -9.433455772696716047e-12 7.768533408388575677e-13 7.472524421245876296e-07
-1.403568916498975780e-06 2.516821024536605028e-02 1.197209402961494978e-03 1.008031394804401572e-03 7.472524421245876296e-07 3.009195572170636268e+00
