Energy range: (40, 400)
Data path: main_files/crab_19/data_2017_center
Fit path: main_files/crab_19/fit_low_e_break_2017_no_bound/crab_fit_40_400
Result: [ 3.10331852e-03  4.79352223e+01 -6.39660630e-04 -2.11196995e+00
  3.05085775e-08 -7.01934995e+00]
Covariance: [[ 5.00346163e-09 -5.24945000e-06  1.97159819e-06 -6.51120878e-09
   1.81074094e-12 -1.40356892e-06]
 [-5.24945000e-06  3.80270942e-02 -1.27705614e-03 -1.04849411e-03
   3.30563830e-09  2.51682102e-02]
 [ 1.97159819e-06 -1.27705614e-03  8.23287064e-04 -3.40150510e-06
   5.50080062e-10  1.19720940e-03]
 [-6.51120878e-09 -1.04849411e-03 -3.40150510e-06  8.98547399e-05
  -9.43345577e-12  1.00803139e-03]
 [ 1.81074094e-12  3.30563830e-09  5.50080062e-10 -9.43345577e-12
   7.76853341e-13  7.47252442e-07]
 [-1.40356892e-06  2.51682102e-02  1.19720940e-03  1.00803139e-03
   7.47252442e-07  3.00919557e+00]]
compleated at 2024-09-17 21:41:05.804537