# cov matrix
2.266023817868085131e-09 -1.194754663434336845e-05 1.301087794634385436e-06 7.140629559990986301e-09 1.989943610718639253e-13 1.320130015190323818e-05
-1.194754663434336845e-05 1.234340716986055131e-01 -6.323880537192461126e-03 -7.561972365794074422e-04 1.884809532509747046e-08 -3.827720453278187721e-03
1.301087794634385436e-06 -6.323880537192461126e-03 7.560436954178154263e-04 2.040472079748609655e-06 2.341944432195029806e-10 7.878813316596511296e-03
7.140629559990986301e-09 -7.561972365794074422e-04 2.040472079748609655e-06 2.464279457763989941e-05 -3.043492933838512634e-10 -1.068295892456867660e-03
1.989943610718639253e-13 1.884809532509747046e-08 2.341944432195029806e-10 -3.043492933838512634e-10 1.408498670862331049e-13 3.185014362463315486e-07
1.320130015190323818e-05 -3.827720453278187721e-03 7.878813316596511296e-03 -1.068295892456867660e-03 3.185014362463315486e-07 1.291802912120379565e+00
