Energy range: (23.5, 400)
Data path: main_files/crab_19/data_2017_center
Fit path: main_files/crab_19/fit_low_e_break_2017/crab_fit_23_5_400
Result: [ 1.39699673e-03  3.25235192e+01 -1.42785070e+00 -2.10013626e+00
  1.33115322e-08 -5.14265587e+00]
Covariance: [[ 2.26602382e-09 -1.19475466e-05  1.30108779e-06  7.14062956e-09
   1.98994361e-13  1.32013002e-05]
 [-1.19475466e-05  1.23434072e-01 -6.32388054e-03 -7.56197237e-04
   1.88480953e-08 -3.82772045e-03]
 [ 1.30108779e-06 -6.32388054e-03  7.56043695e-04  2.04047208e-06
   2.34194443e-10  7.87881332e-03]
 [ 7.14062956e-09 -7.56197237e-04  2.04047208e-06  2.46427946e-05
  -3.04349293e-10 -1.06829589e-03]
 [ 1.98994361e-13  1.88480953e-08  2.34194443e-10 -3.04349293e-10
   1.40849867e-13  3.18501436e-07]
 [ 1.32013002e-05 -3.82772045e-03  7.87881332e-03 -1.06829589e-03
   3.18501436e-07  1.29180291e+00]]
compleated at 2024-09-19 15:15:11.542940