# cov matrix
6.620757796178487058e-11 -1.057822244678097211e-05 7.343858233235091884e-08 1.034572033424796137e-08 7.656749974815377467e-14 4.551889051572830995e-07
-1.057822244678097211e-05 3.956584763180706066e+00 -1.103234467484325541e-02 -1.102105705982342823e-02 -1.826563250304451755e-08 -1.163619918195709368e-01
7.343858233235091884e-08 -1.103234467484325541e-02 8.406968886954728590e-05 1.082349375257615605e-05 6.431937297061811542e-11 5.323718047637894784e-04
1.034572033424796137e-08 -1.102105705982342823e-02 1.082349375257615605e-05 6.379649113958035052e-05 9.791829673282604083e-11 2.654571034302435667e-04
7.656749974815377467e-14 -1.826563250304451755e-08 6.431937297061811542e-11 9.791829673282604083e-11 1.035997387477577983e-13 1.420169948617202324e-07
4.551889051572830995e-07 -1.163619918195709368e-01 5.323718047637894784e-04 2.654571034302435667e-04 1.420169948617202324e-07 5.275663898777140481e+00
