Energy range: (20, 400)
Data path: main_files/crab_19/data_2003_center
Fit path: main_files/crab_19/fit_low_e_break_2003/crab_fit_20_400
Result: [ 7.80391852e-04  4.64220265e+01 -1.96675306e+00 -2.13634482e+00
  2.55571409e-08 -4.06573274e-01]
Covariance: [[ 6.62075780e-11 -1.05782224e-05  7.34385823e-08  1.03457203e-08
   7.65674997e-14  4.55188905e-07]
 [-1.05782224e-05  3.95658476e+00 -1.10323447e-02 -1.10210571e-02
  -1.82656325e-08 -1.16361992e-01]
 [ 7.34385823e-08 -1.10323447e-02  8.40696889e-05  1.08234938e-05
   6.43193730e-11  5.32371805e-04]
 [ 1.03457203e-08 -1.10210571e-02  1.08234938e-05  6.37964911e-05
   9.79182967e-11  2.65457103e-04]
 [ 7.65674997e-14 -1.82656325e-08  6.43193730e-11  9.79182967e-11
   1.03599739e-13  1.42016995e-07]
 [ 4.55188905e-07 -1.16361992e-01  5.32371805e-04  2.65457103e-04
   1.42016995e-07  5.27566390e+00]]
compleated at 2024-08-30 11:44:20.660866