# cov matrix
5.519635245388425292e-11 4.461708868454397995e-08 -3.557469519570406535e-05 -4.480784872230308196e-08 3.617593208073223069e-14 4.633553905678228374e-08
4.461708868454397995e-08 4.246660905219994586e-05 -2.245415045624675476e-02 -5.012922323163048762e-05 1.950801161159184890e-11 2.396373300313310294e-05
-3.557469519570406535e-05 -2.245415045624675476e-02 4.012137252833462497e+01 -1.285600688435581743e-02 -6.489651564638450173e-09 7.033397637044166983e-02
-4.480784872230308196e-08 -5.012922323163048762e-05 -1.285600688435581743e-02 6.599807930213890143e-04 1.548424926870067629e-11 -1.872964740355193241e-04
3.617593208073223069e-14 1.950801161159184890e-11 -6.489651564638450173e-09 1.548424926870067629e-11 4.265181154548457641e-14 1.213723067195881928e-07
4.633553905678228374e-08 2.396373300313310294e-05 7.033397637044166983e-02 -1.872964740355193241e-04 1.213723067195881928e-07 8.208177199804215229e-01
